#the number of patterns to be recognized
9

#marker 1
Data/multi/luma.patt
80.0
0.0 0.0
1.0000 0.0000 0.0000 0.0000
0.0000 1.0000 0.0000 0.0000
0.0000 0.0000 1.0000 0.0000

#marker 2
Data/multi/lumb.patt
80.0
0.0 0.0
1.0000 0.0000 0.0000  200.0000
0.0000 1.0000 0.0000    0.0000
0.0000 0.0000 1.0000    0.0000

#marker 3
Data/multi/lumc.patt
80.0
0.0 0.0
1.0000 0.0000 0.0000  400.0000
0.0000 1.0000 0.0000    0.0000
0.0000 0.0000 1.0000    0.0000

#marker 4
Data/multi/lumd.patt
80.0
0.0 0.0
1.0000 0.0000 0.0000    0.0000
0.0000 1.0000 0.0000 -200.0000
0.0000 0.0000 1.0000    0.0000

#marker 5
Data/multi/lumg.patt
80.0
0.0 0.0
1.0000 0.0000 0.0000  200.0000
0.0000 1.0000 0.0000 -200.0000
0.0000 0.0000 1.0000    0.0000

#marker 6
Data/multi/lumf.patt
80.0
0.0 0.0
1.0000 0.0000 0.0000  400.0000
0.0000 1.0000 0.0000 -200.0000
0.0000 0.0000 1.0000    0.0000

#marker 7
Data/multi/lumj.patt
80.0
0.0 0.0
1.0000 0.0000 0.0000  000.0000
0.0000 1.0000 0.0000 -400.0000
0.0000 0.0000 1.0000    0.0000

#marker 8
Data/multi/lumk.patt
80.0
0.0 0.0
1.0000 0.0000 0.0000  200.0000
0.0000 1.0000 0.0000 -400.0000
0.0000 0.0000 1.0000    0.0000

#marker 9
Data/multi/luml.patt
80.0
0.0 0.0
1.0000 0.0000 0.0000  400.0000
0.0000 1.0000 0.0000 -400.0000
0.0000 0.0000 1.0000    0.0000

