#the number of patterns to be recognized
6

#marker 0
00
42.66666666666
0.0 0.0
1.0000  0.0000  0.0000    0.0000
0.0000  1.0000  0.0000    0.0000
0.0000  0.0000  1.0000    0.0000

#marker 1
01
42.66666666666
0.0 0.0
1.0000  0.0000  0.0000    0.0000
0.0000  0.0000  1.0000   32.0000
0.0000 -1.0000  0.0000  -32.0000

#marker 2
02
42.66666666666
0.0 0.0
0.0000  0.0000  1.0000   32.0000
0.0000  1.0000  0.0000    0.0000
1.0000  0.0000  0.0000  -32.0000

#marker 3
03
42.66666666666
0.0 0.0
1.0000  0.0000  0.0000    0.0000
0.0000 -1.0000  0.0000    0.0000
0.0000  0.0000 -1.0000  -64.0000

#marker 4
04
42.66666666666
0.0 0.0
1.0000  0.0000  0.0000    0.0000
0.0000  0.0000 -1.0000  -32.0000
0.0000  1.0000  0.0000  -32.0000

#marker 5
05
42.66666666666
0.0 0.0
0.0000  0.0000 -1.0000  -32.0000
0.0000  1.0000  0.0000    0.0000
1.0000  0.0000  0.0000  -32.0000
